   0.0000000000000000        0.0000000000000000        1.0000000000000000     
   0.0000000000000000       0.10000000000000001        6.9530106091551560E-310
   0.0000000000000000       0.20000000000000001        4.8374784384819007E-002
   0.0000000000000000       0.29999999999999999       0.13395245683729390     
   0.0000000000000000       0.40000000000000002       0.19772455630005453     
   0.0000000000000000       0.50000000000000000       0.23057808938769392     
   0.0000000000000000       0.59999999999999998       0.24239420221792057     
   0.0000000000000000       0.69999999999999996       0.24016365992513836     
   0.0000000000000000       0.80000000000000004       0.23608618369691189     
   0.0000000000000000       0.90000000000000002       0.22794691495734598     
   0.0000000000000000        1.0000000000000000       0.22006057622987493     
  0.10000000000000001        0.0000000000000000       0.58289909362792969     
  0.10000000000000001       0.10000000000000001        1.9338630687890671E-002
  0.10000000000000001       0.20000000000000001        3.7309817477491326E-002
  0.10000000000000001       0.29999999999999999        4.9625839780743045E-002
  0.10000000000000001       0.40000000000000002        5.4617725238430420E-002
  0.10000000000000001       0.50000000000000000        5.6958166857570346E-002
  0.10000000000000001       0.59999999999999998        5.8911272403689041E-002
  0.10000000000000001       0.69999999999999996        6.0659705121253869E-002
  0.10000000000000001       0.80000000000000004        6.0347474201029601E-002
  0.10000000000000001       0.90000000000000002        6.0476336862901804E-002
  0.10000000000000001        1.0000000000000000        6.0284742339914640E-002
  0.20000000000000001        0.0000000000000000        5.0000000000000000     
  0.20000000000000001       0.10000000000000001        2.9921241941241371E-002
  0.20000000000000001       0.20000000000000001        6.8001624999347601E-002
  0.20000000000000001       0.29999999999999999        9.4851621805795663E-002
  0.20000000000000001       0.40000000000000002       0.11093436499646930     
  0.20000000000000001       0.50000000000000000       0.12101877623894143     
  0.20000000000000001       0.59999999999999998       0.12825376485533518     
  0.20000000000000001       0.69999999999999996       0.13195855471670098     
  0.20000000000000001       0.80000000000000004       0.13394896283080179     
  0.20000000000000001       0.90000000000000002       0.13519559932932559     
  0.20000000000000001        1.0000000000000000       0.13595179722225653     
  0.29999999999999999        0.0000000000000000        6.9495362154115139E-310
  0.29999999999999999       0.10000000000000001        3.8877731798944611E-002
  0.29999999999999999       0.20000000000000001        9.8121030175338020E-002
  0.29999999999999999       0.29999999999999999       0.14769941778876886     
  0.29999999999999999       0.40000000000000002       0.18073087093205370     
  0.29999999999999999       0.50000000000000000       0.19724772798841511     
  0.29999999999999999       0.59999999999999998       0.20802837161834933     
  0.29999999999999999       0.69999999999999996       0.21286966466658880     
  0.29999999999999999       0.80000000000000004       0.21324749332691254     
  0.29999999999999999       0.90000000000000002       0.21461702127741397     
  0.29999999999999999        1.0000000000000000       0.21377887467614273     
  0.40000000000000002        0.0000000000000000        6.9495930851931587E-310
  0.40000000000000002       0.10000000000000001        4.5881431072420049E-002
  0.40000000000000002       0.20000000000000001       0.12265386758038196     
  0.40000000000000002       0.29999999999999999       0.19155270336467559     
  0.40000000000000002       0.40000000000000002       0.23395161957806282     
  0.40000000000000002       0.50000000000000000       0.25363723784147285     
  0.40000000000000002       0.59999999999999998       0.26879578528595549     
  0.40000000000000002       0.69999999999999996       0.27430483270709782     
  0.40000000000000002       0.80000000000000004       0.27291541973456002     
  0.40000000000000002       0.90000000000000002       0.27401204848705785     
  0.40000000000000002        1.0000000000000000       0.27325930121336645     
  0.50000000000000000        0.0000000000000000        4.2439915824246103E-314
  0.50000000000000000       0.10000000000000001        4.9357352989825153E-002
  0.50000000000000000       0.20000000000000001       0.14027170007112927     
  0.50000000000000000       0.29999999999999999       0.22102988287633968     
  0.50000000000000000       0.40000000000000002       0.26667804788865296     
  0.50000000000000000       0.50000000000000000       0.28905516133566467     
  0.50000000000000000       0.59999999999999998       0.30346360740246131     
  0.50000000000000000       0.69999999999999996       0.31028887112796733     
  0.50000000000000000       0.80000000000000004       0.30936028046860148     
  0.50000000000000000       0.90000000000000002       0.30530887399846041     
  0.50000000000000000        1.0000000000000000       0.30152124547087328     
  0.59999999999999998        0.0000000000000000        8.4879831653432862E-314
  0.59999999999999998       0.10000000000000001        5.1726484485868265E-002
  0.59999999999999998       0.20000000000000001       0.15035250351346849     
  0.59999999999999998       0.29999999999999999       0.23489607131184842     
  0.59999999999999998       0.40000000000000002       0.28462842208183237     
  0.59999999999999998       0.50000000000000000       0.30889279078674536     
  0.59999999999999998       0.59999999999999998       0.31706974970413609     
  0.59999999999999998       0.80000000000000004       0.31630180537928609     
  0.59999999999999998       0.90000000000000002       0.31317719289984081     
  0.59999999999999998        1.0000000000000000       0.30838515176178555     
  0.69999999999999996        0.0000000000000000        1.2731974748261962E-313
  0.69999999999999996       0.10000000000000001        5.2397995065150978E-002
  0.69999999999999996       0.20000000000000001       0.15025168554594631     
  0.69999999999999996       0.29999999999999999       0.23375344862123656     
  0.69999999999999996       0.40000000000000002       0.27980374279151315     
  0.69999999999999996       0.50000000000000000       0.30126806095672976     
  0.69999999999999996       0.59999999999999998       0.30632634036848128     
  0.69999999999999996       0.69999999999999996       0.31064054003811797     
  0.69999999999999996       0.80000000000000004       0.30565121687756830     
  0.69999999999999996       0.90000000000000002       0.30212089173760370     
  0.69999999999999996        1.0000000000000000       0.29341318259544097     
  0.80000000000000004        0.0000000000000000        1.6975966331180638E-313
  0.80000000000000004       0.10000000000000001        5.1396961106958926E-002
  0.80000000000000004       0.20000000000000001       0.14902469364239407     
  0.80000000000000004       0.29999999999999999       0.22603717340262677     
  0.80000000000000004       0.40000000000000002       0.26743328352644402     
  0.80000000000000004       0.50000000000000000       0.28825260857064611     
  0.80000000000000004       0.59999999999999998       0.29129572207011700     
  0.80000000000000004       0.69999999999999996       0.28977953213654850     
  0.80000000000000004       0.80000000000000004       0.28433411676803094     
  0.80000000000000004       0.90000000000000002       0.27857320887159415     
  0.80000000000000004        1.0000000000000000       0.26746916444828750     
  0.90000000000000002        0.0000000000000000       0.36909274901302802     
  0.90000000000000002       0.10000000000000001        4.9255774903675054E-002
  0.90000000000000002       0.20000000000000001       0.14150130613094489     
  0.90000000000000002       0.29999999999999999       0.21010298238088698     
  0.90000000000000002       0.40000000000000002       0.24640655598581643     
  0.90000000000000002       0.50000000000000000       0.26352750354236559     
  0.90000000000000002       0.59999999999999998       0.26392238836852749     
  0.90000000000000002       0.69999999999999996       0.25926818403054464     
  0.90000000000000002       0.80000000000000004       0.25273302289280292     
  0.90000000000000002       0.90000000000000002       0.24641639199909060     
  0.90000000000000002        1.0000000000000000       0.23570502907598934     
   1.0000000000000000        0.0000000000000000        6.9530106091551560E-310
   1.0000000000000000       0.10000000000000001        4.8374784384819007E-002
   1.0000000000000000       0.20000000000000001       0.13395245683729390     
   1.0000000000000000       0.29999999999999999       0.19772455630005453     
   1.0000000000000000       0.40000000000000002       0.23057808938769392     
   1.0000000000000000       0.50000000000000000       0.24239420221792057     
   1.0000000000000000       0.59999999999999998       0.24016365992513836     
   1.0000000000000000       0.69999999999999996       0.23608618369691189     
   1.0000000000000000       0.80000000000000004       0.22794691495734598     
   1.0000000000000000       0.90000000000000002       0.22006057622987493     
   1.0000000000000000        1.0000000000000000       0.21019359673393034     
  0.55000000000000004       0.65000000000000002       0.31703330289777670     
  0.55000000000000004       0.66000000000000003       0.31799151845480944     
  0.55000000000000004       0.67000000000000004       0.31974513815968214     
  0.55000000000000004       0.68000000000000005       0.31993419037102083     
  0.55000000000000004       0.69000000000000006       0.32044653338701734     
  0.55000000000000004       0.70000000000000007       0.32056001531828415     
  0.55000000000000004       0.70999999999999996       0.31975359789870866     
  0.55000000000000004       0.71999999999999997       0.31988117189316551     
  0.55000000000000004       0.72999999999999998       0.31875855643658713     
  0.55000000000000004       0.73999999999999999       0.31845353527118231     
  0.55000000000000004       0.75000000000000000       0.31876588432597291     
  0.56000000000000005       0.65000000000000002       0.31694186837039962     
  0.56000000000000005       0.66000000000000003       0.31803295218174726     
  0.56000000000000005       0.67000000000000004       0.31986730546211006     
  0.56000000000000005       0.68000000000000005       0.32019348711734724     
  0.56000000000000005       0.69000000000000006       0.32080106739247743     
  0.56000000000000005       0.70000000000000007       0.32079738947678177     
  0.56000000000000005       0.70999999999999996       0.31974749011741277     
  0.56000000000000005       0.71999999999999997       0.31955151973029977     
  0.56000000000000005       0.72999999999999998       0.31829635401666628     
  0.56000000000000005       0.73999999999999999       0.31827215452783075     
  0.56000000000000005       0.75000000000000000       0.31858599398837567     
  0.57000000000000006       0.65000000000000002       0.31791080167628716     
  0.57000000000000006       0.66000000000000003       0.31895618346648613     
  0.57000000000000006       0.67000000000000004       0.32064047180193206     
  0.57000000000000006       0.68000000000000005       0.32101938661485818     
  0.57000000000000006       0.69000000000000006       0.32110755983027883     
  0.57000000000000006       0.70000000000000007       0.32084226434999724     
  0.57000000000000006       0.70999999999999996       0.31984683906173544     
  0.57000000000000006       0.71999999999999997       0.31958192843533345     
  0.57000000000000006       0.72999999999999998       0.31886533779781689     
  0.57000000000000006       0.73999999999999999       0.31888945154397108     
  0.57000000000000006       0.75000000000000000       0.31918560893154302     
  0.58000000000000007       0.65000000000000002       0.31819923531961769     
  0.58000000000000007       0.66000000000000003       0.31927202766644713     
  0.58000000000000007       0.67000000000000004       0.32097471789958071     
  0.58000000000000007       0.68000000000000005       0.32133426459275483     
  0.58000000000000007       0.69000000000000006       0.32134887897053394     
  0.58000000000000007       0.70000000000000007       0.32095366243807577     
  0.58000000000000007       0.70999999999999996       0.32015077538052134     
  0.58000000000000007       0.71999999999999997       0.31987854233268176     
  0.58000000000000007       0.72999999999999998       0.31916939206080364     
  0.58000000000000007       0.73999999999999999       0.31908448087969893     
  0.58000000000000007       0.75000000000000000       0.31916627061289576     
  0.59000000000000008       0.65000000000000002       0.31692554996312661     
  0.59000000000000008       0.66000000000000003       0.31788191598219362     
  0.59000000000000008       0.67000000000000004       0.31964886872692155     
  0.59000000000000008       0.68000000000000005       0.32004606033359262     
  0.59000000000000008       0.69000000000000006       0.31986359331143821     
  0.59000000000000008       0.70000000000000007       0.31969136691485978     
  0.59000000000000008       0.70999999999999996       0.31901992399273604     
  0.59000000000000008       0.71999999999999997       0.31885956552117228     
  0.59000000000000008       0.72999999999999998       0.31821514002648910     
  0.59000000000000008       0.73999999999999999       0.31806185589123093     
  0.59000000000000008       0.75000000000000000       0.31785191632276610     
  0.60000000000000009       0.65000000000000002       0.31733007028399396     
  0.60000000000000009       0.66000000000000003       0.31837147914714098     
  0.60000000000000009       0.67000000000000004       0.32076176205540741     
  0.60000000000000009       0.68000000000000005       0.32105428622331034     
  0.60000000000000009       0.69000000000000006       0.32087487453534957     
  0.60000000000000009       0.70000000000000007       0.32070198267284583     
  0.60000000000000009       0.70999999999999996       0.31994054273081196     
  0.60000000000000009       0.71999999999999997       0.31974927742294368     
  0.60000000000000009       0.72999999999999998       0.31884932097622259     
  0.60000000000000009       0.73999999999999999       0.31830604794521900     
  0.60000000000000009       0.75000000000000000       0.31813832505056772     
  0.61000000000000010       0.65000000000000002       0.31609361377830675     
  0.61000000000000010       0.66000000000000003       0.31750055607208666     
  0.61000000000000010       0.67000000000000004       0.32018072679557830     
  0.61000000000000010       0.68000000000000005       0.32066410700146186     
  0.61000000000000010       0.69000000000000006       0.32059450115009475     
  0.61000000000000010       0.70000000000000007       0.32052770106561318     
  0.61000000000000010       0.70999999999999996       0.31957340758328590     
  0.61000000000000010       0.71999999999999997       0.31928633741528561     
  0.61000000000000010       0.72999999999999998       0.31831016937540951     
  0.61000000000000010       0.73999999999999999       0.31760140040710000     
  0.61000000000000010       0.75000000000000000       0.31696832998657776     
  0.62000000000000011       0.65000000000000002       0.31528911365302298     
  0.62000000000000011       0.66000000000000003       0.31665113683380475     
  0.62000000000000011       0.67000000000000004       0.31933066472536975     
  0.62000000000000011       0.68000000000000005       0.31950949249622679     
  0.62000000000000011       0.69000000000000006       0.31984693914152723     
  0.62000000000000011       0.70000000000000007       0.31981333340659773     
  0.62000000000000011       0.70999999999999996       0.31848722067860219     
  0.62000000000000011       0.71999999999999997       0.31820058407194596     
  0.62000000000000011       0.72999999999999998       0.31807300150029710     
  0.62000000000000011       0.73999999999999999       0.31772560968135610     
  0.62000000000000011       0.75000000000000000       0.31721058851626843     
  0.63000000000000000       0.65000000000000002       0.31623947618478321     
  0.63000000000000000       0.66000000000000003       0.31754396505873778     
  0.63000000000000000       0.67000000000000004       0.32038657168278883     
  0.63000000000000000       0.68000000000000005       0.32048630284040591     
  0.63000000000000000       0.69000000000000006       0.32080082220219813     
  0.63000000000000000       0.70000000000000007       0.32101845675217483     
  0.63000000000000000       0.70999999999999996       0.31953690195921691     
  0.63000000000000000       0.71999999999999997       0.31911675432848535     
  0.63000000000000000       0.72999999999999998       0.31877066657654451     
  0.63000000000000000       0.73999999999999999       0.31862315027836818     
  0.63000000000000000       0.75000000000000000       0.31804941973549694     
  0.64000000000000001       0.65000000000000002       0.31535449767774193     
  0.64000000000000001       0.66000000000000003       0.31672113603994062     
  0.64000000000000001       0.67000000000000004       0.31956970596626161     
  0.64000000000000001       0.68000000000000005       0.31977734229312632     
  0.64000000000000001       0.69000000000000006       0.31989012798836386     
  0.64000000000000001       0.70000000000000007       0.31978582284430335     
  0.64000000000000001       0.70999999999999996       0.31836997675134704     
  0.64000000000000001       0.71999999999999997       0.31790148181442651     
  0.64000000000000001       0.72999999999999998       0.31766028909798971     
  0.64000000000000001       0.73999999999999999       0.31751838292737683     
  0.64000000000000001       0.75000000000000000       0.31706061756843762     
  0.65000000000000002       0.65000000000000002       0.31360390557600343     
  0.65000000000000002       0.66000000000000003       0.31517922567211404     
  0.65000000000000002       0.67000000000000004       0.31791767233246232     
  0.65000000000000002       0.68000000000000005       0.31794389970697334     
  0.65000000000000002       0.69000000000000006       0.31797408004954431     
  0.65000000000000002       0.70000000000000007       0.31770555233146774     
  0.65000000000000002       0.70999999999999996       0.31661112375240635     
  0.65000000000000002       0.71999999999999997       0.31621925474651430     
  0.65000000000000002       0.72999999999999998       0.31591698875387719     
  0.65000000000000002       0.73999999999999999       0.31578421454119809     
  0.65000000000000002       0.75000000000000000       0.31528981961102764     
